Here's an example of embedding the first 94 of the 128 binary strings into F4.
Is it something worth analyzing? It proves that monotone functions can be at least somewhat complicated.

Saving schedule:
11:40am June 21, 2019: 98
12:03pm June 21, 2019: 106
12:51pm realized we can tack on some of the top elements and get at least 108.
1:04pm converted that insight into an example for i=112. (112/128 = 7/8.)
1:42pm found one for i=112 which is onto a set of size 19 (missing only one of the "letters" p,q,r) hence we get a good complexity lower bound:
1:58pm found one which is ontoAdequate (ont a set of size 20) for i=107:
2:21pm found one for i=108, ontoAdequate.
note also that the ontoAdequate ones are more likely to be structurally similar to perfect i=128 ones.
so maybe use one of those for a "guided search" run.
3:20pm For embedding 2^6 into F4 we automatically found the following ontoAdequate example, perhaps mirroring the one in the paper:
Saturday
i=112 onto example for 2^7, F4 and i=113 example
i=116 example found (not onto)
12:23pm i=116 example found (onto)

Onto a set of size 20
[] True
[(0, 1, 2)] True
[(0, 1)] True
[(0, 2)] True
[(0, 1), (0, 2)] True
[(1, 2)] True
[(0, 1), (1, 2)] True
[(0, 2), (1, 2)] True
[(0, 1), (0, 2), (1, 2)] True
[(2,), (0, 1)] True
[(1,), (0, 2)] True
[(1,), (2,)] True
[(0,), (1, 2)] True
[(0,), (2,)] True
[(0,), (1,)] True
[(0,), (1,), (2,)] True
[(0,)] True
[(1,)] True
[(2,)] True
[()] True

A sample function for i=116
(0, 0, 0, 0, 0, 0, 0) :  [(0, 1, 2, 3)]
(0, 0, 0, 0, 0, 0, 1) :  [(0, 1, 2)]
(0, 0, 0, 0, 0, 1, 0) :  [(0, 1, 3)]
(0, 0, 0, 0, 1, 0, 0) :  [(0, 2, 3)]
(0, 0, 0, 1, 0, 0, 0) :  [(1, 2, 3)]
(0, 0, 1, 0, 0, 0, 0) :  [(0, 1, 3), (0, 1, 2)]
(0, 1, 0, 0, 0, 0, 0) :  [(0, 1, 3), (0, 2, 3)]
(1, 0, 0, 0, 0, 0, 0) :  [(0, 2, 3), (0, 1, 2)]
(0, 0, 0, 0, 0, 1, 1) :  [(0, 1)]
(0, 0, 0, 0, 1, 0, 1) :  [(0, 2)]
(0, 0, 0, 1, 0, 0, 1) :  [(1, 2, 3), (0, 1, 2)]
(0, 0, 1, 0, 0, 0, 1) :  [(0, 1, 3), (0, 2, 3), (0, 1, 2)]
(0, 1, 0, 0, 0, 0, 1) :  [(0, 2, 3), (0, 1)]
(1, 0, 0, 0, 0, 0, 1) :  [(0, 2, 3), (1, 2, 3), (0, 1, 2)]
(0, 0, 0, 0, 1, 1, 0) :  [(0, 1, 3), (0, 2, 3), (1, 2, 3)]
(0, 0, 0, 1, 0, 1, 0) :  [(0, 1, 3), (1, 2, 3)]
(0, 0, 1, 0, 0, 1, 0) :  [(0, 1, 3), (0, 2)]
(0, 1, 0, 0, 0, 1, 0) :  [(0, 3)]
(1, 0, 0, 0, 0, 1, 0) :  [(0, 1, 3), (0, 2, 3), (1, 2, 3), (0, 1, 2)]
(0, 0, 0, 1, 1, 0, 0) :  [(2, 3)]
(0, 0, 1, 0, 1, 0, 0) :  [(0, 3), (0, 1, 2)]
(0, 1, 0, 0, 1, 0, 0) :  [(2, 3), (0, 1, 3)]
(1, 0, 0, 0, 1, 0, 0) :  [(1, 2, 3), (0, 2)]
(0, 0, 1, 1, 0, 0, 0) :  [(0, 1, 3), (1, 2, 3), (0, 1, 2)]
(0, 1, 0, 1, 0, 0, 0) :  [(1, 3), (0, 2, 3)]
(1, 0, 0, 1, 0, 0, 0) :  [(0, 2, 3), (1, 2)]
(0, 1, 1, 0, 0, 0, 0) :  [(0, 1), (0, 2)]
(1, 0, 1, 0, 0, 0, 0) :  [(0, 1, 3), (1, 2, 3), (0, 2)]
(1, 1, 0, 0, 0, 0, 0) :  [(0, 2, 3), (1, 2, 3), (0, 1)]
(0, 0, 0, 0, 1, 1, 1) :  [(1, 2, 3), (0, 1), (0, 2)]
(0, 0, 0, 1, 0, 1, 1) :  [(1, 2, 3), (0, 1)]
(0, 0, 1, 0, 0, 1, 1) :  [(0, 3), (0, 1), (0, 2)]
(0, 1, 0, 0, 0, 1, 1) :  [(0, 3), (0, 1)]
(1, 0, 0, 0, 0, 1, 1) :  [(0, 2, 3), (0, 1), (1, 2)]
(0, 0, 0, 1, 1, 0, 1) :  [(2, 3), (0, 2)]
(0, 0, 1, 0, 1, 0, 1) :  [(0, 3), (0, 2)]
(0, 1, 0, 0, 1, 0, 1) :  [(2, 3), (0, 1), (0, 2)]
(1, 0, 0, 0, 1, 0, 1) :  [(0, 2), (1, 2)]
(0, 0, 1, 1, 0, 0, 1) :  [(0, 1, 3), (0, 2, 3), (1, 2)]
(0, 1, 0, 1, 0, 0, 1) :  [(1, 3), (0, 2, 3), (0, 1)]
(1, 0, 0, 1, 0, 0, 1) :  [(2, 3), (1, 2)]
(0, 1, 1, 0, 0, 0, 1) :  [(0, 1), (0, 2), (1, 2)]
(1, 0, 1, 0, 0, 0, 1) :  [(0, 1, 3), (0, 2), (1, 2)]
(1, 1, 0, 0, 0, 0, 1) :  [(2, 3), (0, 1)]
(0, 0, 0, 1, 1, 1, 0) :  [(2, 3), (0, 1, 3), (0, 1, 2)]
(0, 0, 1, 0, 1, 1, 0) :  [(0, 3), (1, 2, 3), (0, 2)]
(0, 1, 0, 0, 1, 1, 0) :  [(0, 3), (2, 3)]
(1, 0, 0, 0, 1, 1, 0) :  [(2, 3), (0, 1, 3), (0, 2)]
(0, 0, 1, 1, 0, 1, 0) :  [(1, 3), (0, 2)]
(0, 1, 0, 1, 0, 1, 0) :  [(0, 3), (1, 3)]
(1, 0, 0, 1, 0, 1, 0) :  [(2, 3), (0, 1, 3), (1, 2)]
(0, 1, 1, 0, 0, 1, 0) :  [(0, 3), (1, 2, 3), (0, 1), (0, 2)]
(1, 0, 1, 0, 0, 1, 0) :  [(2, 3), (0, 1, 3), (0, 2), (1, 2)]
(1, 1, 0, 0, 0, 1, 0) :  [(0, 3), (1, 2, 3), (0, 1)]
(0, 0, 1, 1, 1, 0, 0) :  [(0, 3), (2, 3), (0, 1, 2)]
(0, 1, 0, 1, 1, 0, 0) :  [(1, 3), (2, 3)]
(1, 0, 0, 1, 1, 0, 0) :  [(2, 3), (0, 2), (1, 2)]
(0, 1, 1, 0, 1, 0, 0) :  [(0, 3), (2, 3), (0, 1), (0, 2)]
(1, 0, 1, 0, 1, 0, 0) :  [(0, 3), (0, 2), (1, 2)]
(1, 1, 0, 0, 1, 0, 0) :  [(2, 3), (0, 1), (0, 2), (1, 2)]
(0, 1, 1, 1, 0, 0, 0) :  [(1, 3), (0, 1), (0, 2)]
(1, 0, 1, 1, 0, 0, 0) :  [(1, 3), (0, 2), (1, 2)]
(1, 1, 0, 1, 0, 0, 0) :  [(1, 3), (0, 2, 3), (0, 1), (1, 2)]
(1, 1, 1, 0, 0, 0, 0) :  [(1, 3), (0, 1), (0, 2), (1, 2)]
(0, 0, 0, 1, 1, 1, 1) :  [(1, 3), (2, 3), (0, 1), (0, 2)]
(0, 0, 1, 0, 1, 1, 1) :  [(0, 3), (0, 1), (0, 2), (1, 2)]
(0, 1, 0, 0, 1, 1, 1) :  [(0, 3), (2, 3), (0, 1), (0, 2), (1, 2)]
(1, 0, 0, 0, 1, 1, 1) :  [(2,), (0, 1)]
(0, 0, 1, 1, 0, 1, 1) :  [(0, 3), (1, 3), (0, 1), (0, 2), (1, 2)]
(0, 1, 0, 1, 0, 1, 1) :  [(0, 3), (1, 3), (0, 1)]
(1, 0, 0, 1, 0, 1, 1) :  [(2, 3), (0, 1), (1, 2)]
(0, 1, 1, 0, 0, 1, 1) :  [(0,), (1, 2)]
(1, 0, 1, 0, 0, 1, 1) :  [(0, 3), (2,), (0, 1)]
(1, 1, 0, 0, 0, 1, 1) :  [(0, 3), (2, 3), (0, 1), (1, 2)]
(0, 0, 1, 1, 1, 0, 1) :  [(0, 3), (2, 3), (0, 2), (1, 2)]
(0, 1, 0, 1, 1, 0, 1) :  [(1, 3), (2, 3), (0, 1), (0, 2), (1, 2)]
(1, 0, 0, 1, 1, 0, 1) :  [(2,)]
(0, 1, 1, 0, 1, 0, 1) :  [(2, 3), (0,), (1, 2)]
(1, 0, 1, 0, 1, 0, 1) :  [(0, 3), (1, 3), (0, 2), (1, 2)]
(1, 1, 0, 0, 1, 0, 1) :  [(1, 3), (2,), (0, 1)]
(0, 1, 1, 1, 0, 0, 1) :  [(1,), (0, 2)]
(1, 0, 1, 1, 0, 0, 1) :  [(1, 3), (2, 3), (0, 2), (1, 2)]
(1, 1, 0, 1, 0, 0, 1) :  [(1, 3), (2, 3), (0, 1), (1, 2)]
(1, 1, 1, 0, 0, 0, 1) :  [(2, 3), (1,), (0, 2)]
(0, 0, 1, 1, 1, 1, 0) :  [(0, 3), (1, 3), (2, 3), (0, 2)]
(0, 1, 0, 1, 1, 1, 0) :  [(0, 3), (1, 3), (2, 3), (0, 1, 2)]
(1, 0, 0, 1, 1, 1, 0) :  [(0, 1, 3), (2,)]
(0, 1, 1, 0, 1, 1, 0) :  [(2, 3), (0,)]
(1, 0, 1, 0, 1, 1, 0) :  [(0, 3), (2,)]
(1, 1, 0, 0, 1, 1, 0) :  [(0, 3), (1, 3), (2, 3), (0, 1), (0, 2), (1, 2)]
(0, 1, 1, 1, 0, 1, 0) :  [(0, 3), (1, 3), (0, 1), (0, 2)]
(1, 0, 1, 1, 0, 1, 0) :  [(1, 3), (2,)]
(1, 1, 0, 1, 0, 1, 0) :  [(0, 3), (1, 3), (2, 3), (0, 1), (1, 2)]
(1, 1, 1, 0, 0, 1, 0) :  [(0, 3), (1, 3), (2,), (0, 1)]
(0, 1, 1, 1, 1, 0, 0) :  [(0, 3), (1, 3), (2, 3), (0, 1), (0, 2)]
(1, 0, 1, 1, 1, 0, 0) :  [(0, 3), (1, 3), (2, 3), (0, 2), (1, 2)]
(1, 1, 0, 1, 1, 0, 0) :  [(1,), (2,)]
(1, 1, 1, 0, 1, 0, 0) :  [(0, 3), (2, 3), (1,), (0, 2)]
(1, 1, 1, 1, 0, 0, 0) :  [(0, 3), (1,), (0, 2)]
(0, 0, 1, 1, 1, 1, 1) :  [(1, 3), (2, 3), (0,), (1, 2)]
(0, 1, 0, 1, 1, 1, 1) :  [(3,), (0, 1), (0, 2), (1, 2)]
(1, 0, 0, 1, 1, 1, 1) :  [(0, 3), (1,), (2,)]
(0, 1, 1, 0, 1, 1, 1) :  [(0,), (2,)]
(1, 0, 1, 0, 1, 1, 1) :  [(1, 3), (0,), (2,)]
(1, 1, 0, 0, 1, 1, 1) :  [(3,), (2,), (0, 1)]
(0, 1, 1, 1, 0, 1, 1) :  [(0,), (1,)]
(1, 0, 1, 1, 0, 1, 1) :  [(3,), (0,), (2,)]
(1, 1, 0, 1, 0, 1, 1) :  [(0, 3), (2, 3), (1,)]
(1, 1, 1, 0, 0, 1, 1) :  [(0,), (1,), (2,)]
(0, 1, 1, 1, 1, 0, 1) :  [(2, 3), (0,), (1,)]
(1, 0, 1, 1, 1, 0, 1) :  [(0, 3), (1, 3), (2,)]
(1, 1, 0, 1, 1, 0, 1) :  [(3,), (1,), (2,)]
(1, 1, 1, 0, 1, 0, 1) :  [(3,), (0,), (1,), (2,)]
(1, 1, 1, 1, 0, 0, 1) :  [(3,), (1,), (0, 2)]
(0, 1, 1, 1, 1, 1, 0) :  [(1, 3), (2, 3), (0,)]
(1, 0, 1, 1, 1, 1, 0) :  [(3,), (2,)]
(1, 1, 0, 1, 1, 1, 0) :  [()]
[[(0, 1, 2, 3)], [(0, 1, 2)], [(0, 1, 3)], [(0, 2, 3)], [(1, 2, 3)], [(0, 1, 3), (0, 1, 2)], [(0, 1, 3), (0, 2, 3)], [(0, 2, 3), (0, 1, 2)], [(0, 1)], [(0, 2)], [(1, 2, 3), (0, 1, 2)], [(0, 1, 3), (0, 2, 3), (0, 1, 2)], [(0, 2, 3), (0, 1)], [(0, 2, 3), (1, 2, 3), (0, 1, 2)], [(0, 1, 3), (0, 2, 3), (1, 2, 3)], [(0, 1, 3), (1, 2, 3)], [(0, 1, 3), (0, 2)], [(0, 3)], [(0, 1, 3), (0, 2, 3), (1, 2, 3), (0, 1, 2)], [(2, 3)], [(0, 3), (0, 1, 2)], [(2, 3), (0, 1, 3)], [(1, 2, 3), (0, 2)], [(0, 1, 3), (1, 2, 3), (0, 1, 2)], [(1, 3), (0, 2, 3)], [(0, 2, 3), (1, 2)], [(0, 1), (0, 2)], [(0, 1, 3), (1, 2, 3), (0, 2)], [(0, 2, 3), (1, 2, 3), (0, 1)], [(1, 2, 3), (0, 1), (0, 2)], [(1, 2, 3), (0, 1)], [(0, 3), (0, 1), (0, 2)], [(0, 3), (0, 1)], [(0, 2, 3), (0, 1), (1, 2)], [(2, 3), (0, 2)], [(0, 3), (0, 2)], [(2, 3), (0, 1), (0, 2)], [(0, 2), (1, 2)], [(0, 1, 3), (0, 2, 3), (1, 2)], [(1, 3), (0, 2, 3), (0, 1)], [(2, 3), (1, 2)], [(0, 1), (0, 2), (1, 2)], [(0, 1, 3), (0, 2), (1, 2)], [(2, 3), (0, 1)], [(2, 3), (0, 1, 3), (0, 1, 2)], [(0, 3), (1, 2, 3), (0, 2)], [(0, 3), (2, 3)], [(2, 3), (0, 1, 3), (0, 2)], [(1, 3), (0, 2)], [(0, 3), (1, 3)], [(2, 3), (0, 1, 3), (1, 2)], [(0, 3), (1, 2, 3), (0, 1), (0, 2)], [(2, 3), (0, 1, 3), (0, 2), (1, 2)], [(0, 3), (1, 2, 3), (0, 1)], [(0, 3), (2, 3), (0, 1, 2)], [(1, 3), (2, 3)], [(2, 3), (0, 2), (1, 2)], [(0, 3), (2, 3), (0, 1), (0, 2)], [(0, 3), (0, 2), (1, 2)], [(2, 3), (0, 1), (0, 2), (1, 2)], [(1, 3), (0, 1), (0, 2)], [(1, 3), (0, 2), (1, 2)], [(1, 3), (0, 2, 3), (0, 1), (1, 2)], [(1, 3), (0, 1), (0, 2), (1, 2)], [(1, 3), (2, 3), (0, 1), (0, 2)], [(0, 3), (0, 1), (0, 2), (1, 2)], [(0, 3), (2, 3), (0, 1), (0, 2), (1, 2)], [(2,), (0, 1)], [(0, 3), (1, 3), (0, 1), (0, 2), (1, 2)], [(0, 3), (1, 3), (0, 1)], [(2, 3), (0, 1), (1, 2)], [(0,), (1, 2)], [(0, 3), (2,), (0, 1)], [(0, 3), (2, 3), (0, 1), (1, 2)], [(0, 3), (2, 3), (0, 2), (1, 2)], [(1, 3), (2, 3), (0, 1), (0, 2), (1, 2)], [(2,)], [(2, 3), (0,), (1, 2)], [(0, 3), (1, 3), (0, 2), (1, 2)], [(1, 3), (2,), (0, 1)], [(1,), (0, 2)], [(1, 3), (2, 3), (0, 2), (1, 2)], [(1, 3), (2, 3), (0, 1), (1, 2)], [(2, 3), (1,), (0, 2)], [(0, 3), (1, 3), (2, 3), (0, 2)], [(0, 3), (1, 3), (2, 3), (0, 1, 2)], [(0, 1, 3), (2,)], [(2, 3), (0,)], [(0, 3), (2,)], [(0, 3), (1, 3), (2, 3), (0, 1), (0, 2), (1, 2)], [(0, 3), (1, 3), (0, 1), (0, 2)], [(1, 3), (2,)], [(0, 3), (1, 3), (2, 3), (0, 1), (1, 2)], [(0, 3), (1, 3), (2,), (0, 1)], [(0, 3), (1, 3), (2, 3), (0, 1), (0, 2)], [(0, 3), (1, 3), (2, 3), (0, 2), (1, 2)], [(1,), (2,)], [(0, 3), (2, 3), (1,), (0, 2)], [(0, 3), (1,), (0, 2)], [(1, 3), (2, 3), (0,), (1, 2)], [(3,), (0, 1), (0, 2), (1, 2)], [(0, 3), (1,), (2,)], [(0,), (2,)], [(1, 3), (0,), (2,)], [(3,), (2,), (0, 1)], [(0,), (1,)], [(3,), (0,), (2,)], [(0, 3), (2, 3), (1,)], [(0,), (1,), (2,)], [(2, 3), (0,), (1,)], [(0, 3), (1, 3), (2,)], [(3,), (1,), (2,)], [(3,), (0,), (1,), (2,)], [(3,), (1,), (0, 2)], [(1, 3), (2, 3), (0,)], [(3,), (2,)], [()], [()], [()], [()], [()], [()], [()], [()], [()], [()], [()], [()]]


Friday:

A sample function for i=63
(0, 0, 0, 0, 0, 0) :  [(0, 1, 2, 3)]
(0, 0, 0, 0, 0, 1) :  [(0, 1, 2)]
(0, 0, 0, 0, 1, 0) :  [(0, 1, 3)]
(0, 0, 0, 1, 0, 0) :  [(1, 2, 3)]
(0, 0, 1, 0, 0, 0) :  [(0, 2, 3)]
(0, 1, 0, 0, 0, 0) :  [(0, 1, 3), (0, 1, 2)]
(1, 0, 0, 0, 0, 0) :  [(0, 2, 3), (0, 1, 2)]
(0, 0, 0, 0, 1, 1) :  [(0, 1, 3), (0, 2, 3), (0, 1, 2)]
(0, 0, 0, 1, 0, 1) :  [(1, 2, 3), (0, 1, 2)]
(0, 0, 1, 0, 0, 1) :  [(0, 2)]
(0, 1, 0, 0, 0, 1) :  [(0, 1)]
(1, 0, 0, 0, 0, 1) :  [(0, 2, 3), (1, 2, 3), (0, 1, 2)]
(0, 0, 0, 1, 1, 0) :  [(0, 1, 3), (1, 2, 3)]
(0, 0, 1, 0, 1, 0) :  [(0, 1, 3), (0, 2, 3)]
(0, 1, 0, 0, 1, 0) :  [(0, 1, 3), (1, 2, 3), (0, 1, 2)]
(1, 0, 0, 0, 1, 0) :  [(0, 2, 3), (0, 1)]
(0, 0, 1, 1, 0, 0) :  [(0, 2, 3), (1, 2, 3)]
(0, 1, 0, 1, 0, 0) :  [(1, 2, 3), (0, 1)]
(1, 0, 0, 1, 0, 0) :  [(1, 2, 3), (0, 2)]
(0, 1, 1, 0, 0, 0) :  [(0, 1, 3), (0, 2)]
(1, 0, 1, 0, 0, 0) :  [(0, 2, 3), (1, 2)]
(1, 1, 0, 0, 0, 0) :  [(0, 1, 3), (0, 2, 3), (1, 2, 3), (0, 1, 2)]
(0, 0, 0, 1, 1, 1) :  [(0, 2, 3), (1, 2, 3), (0, 1)]
(0, 0, 1, 0, 1, 1) :  [(0, 1), (0, 2)]
(0, 1, 0, 0, 1, 1) :  [(1, 2, 3), (0, 1), (0, 2)]
(1, 0, 0, 0, 1, 1) :  [(0, 2, 3), (0, 1), (1, 2)]
(0, 0, 1, 1, 0, 1) :  [(0, 2), (1, 2)]
(0, 1, 0, 1, 0, 1) :  [(0, 1), (1, 2)]
(1, 0, 0, 1, 0, 1) :  [(0, 1, 3), (1, 2, 3), (0, 2)]
(0, 1, 1, 0, 0, 1) :  [(0, 3), (0, 1), (0, 2)]
(1, 0, 1, 0, 0, 1) :  [(0, 1, 3), (0, 2), (1, 2)]
(1, 1, 0, 0, 0, 1) :  [(2, 3), (0, 1)]
(0, 0, 1, 1, 1, 0) :  [(0, 1, 3), (0, 2, 3), (1, 2, 3)]
(0, 1, 0, 1, 1, 0) :  [(1, 3), (0, 1)]
(1, 0, 0, 1, 1, 0) :  [(0, 1), (0, 2), (1, 2)]
(0, 1, 1, 0, 1, 0) :  [(2, 3), (0, 1, 3), (0, 2)]
(1, 0, 1, 0, 1, 0) :  [(2, 3), (0, 1), (1, 2)]
(1, 1, 0, 0, 1, 0) :  [(1, 3), (0, 2, 3), (0, 1)]
(0, 1, 1, 1, 0, 0) :  [(2, 3), (0, 1), (0, 2)]
(1, 0, 1, 1, 0, 0) :  [(2, 3), (0, 2), (1, 2)]
(1, 1, 0, 1, 0, 0) :  [(1, 3), (0, 1), (0, 2)]
(1, 1, 1, 0, 0, 0) :  [(2, 3), (0, 1, 3), (0, 2), (1, 2)]
(0, 0, 1, 1, 1, 1) :  [(2, 3), (0, 1), (0, 2), (1, 2)]
(0, 1, 0, 1, 1, 1) :  [(1, 3), (0, 1), (0, 2), (1, 2)]
(1, 0, 0, 1, 1, 1) :  [(0, 3), (0, 1), (0, 2), (1, 2)]
(0, 1, 1, 0, 1, 1) :  [(0, 3), (2, 3), (0, 1), (0, 2)]
(1, 0, 1, 0, 1, 1) :  [(2,), (0, 1)]
(1, 1, 0, 0, 1, 1) :  [(1, 3), (2, 3), (0, 1), (0, 2), (1, 2)]
(0, 1, 1, 1, 0, 1) :  [(0, 3), (2, 3), (0, 1), (0, 2), (1, 2)]
(1, 0, 1, 1, 0, 1) :  [(0, 1, 3), (2,)]
(1, 1, 0, 1, 0, 1) :  [(2, 3), (1,), (0, 2)]
(1, 1, 1, 0, 0, 1) :  [(0, 3), (2,), (0, 1)]
(0, 1, 1, 1, 1, 0) :  [(1, 3), (2, 3), (0, 1), (0, 2)]
(1, 0, 1, 1, 1, 0) :  [(1, 3), (2,), (0, 1)]
(1, 1, 0, 1, 1, 0) :  [(1,), (0, 2)]
(1, 1, 1, 0, 1, 0) :  [(0, 3), (1, 3), (2, 3), (0, 1), (0, 2), (1, 2)]
(1, 1, 1, 1, 0, 0) :  [(1,), (2,)]
(0, 1, 1, 1, 1, 1) :  [(0, 3), (1, 3), (2,), (0, 1)]
(1, 0, 1, 1, 1, 1) :  [(0, 3), (1,), (2,)]
(1, 1, 0, 1, 1, 1) :  [(2, 3), (0,), (1,)]
(1, 1, 1, 0, 1, 1) :  [(1, 3), (0,), (2,)]
(1, 1, 1, 1, 0, 1) :  [(0,), (1,), (2,)]
(1, 1, 1, 1, 1, 0) :  [(3,), (1,), (2,)]
(1, 1, 1, 1, 1, 1) :  [()]
[[(0, 1, 2, 3)], [(0, 1, 2)], [(0, 1, 3)], [(1, 2, 3)], [(0, 2, 3)], [(0, 1, 3), (0, 1, 2)], [(0, 2, 3), (0, 1, 2)], [(0, 1, 3), (0, 2, 3), (0, 1, 2)], [(1, 2, 3), (0, 1, 2)], [(0, 2)], [(0, 1)], [(0, 2, 3), (1, 2, 3), (0, 1, 2)], [(0, 1, 3), (1, 2, 3)], [(0, 1, 3), (0, 2, 3)], [(0, 1, 3), (1, 2, 3), (0, 1, 2)], [(0, 2, 3), (0, 1)], [(0, 2, 3), (1, 2, 3)], [(1, 2, 3), (0, 1)], [(1, 2, 3), (0, 2)], [(0, 1, 3), (0, 2)], [(0, 2, 3), (1, 2)], [(0, 1, 3), (0, 2, 3), (1, 2, 3), (0, 1, 2)], [(0, 2, 3), (1, 2, 3), (0, 1)], [(0, 1), (0, 2)], [(1, 2, 3), (0, 1), (0, 2)], [(0, 2, 3), (0, 1), (1, 2)], [(0, 2), (1, 2)], [(0, 1), (1, 2)], [(0, 1, 3), (1, 2, 3), (0, 2)], [(0, 3), (0, 1), (0, 2)], [(0, 1, 3), (0, 2), (1, 2)], [(2, 3), (0, 1)], [(0, 1, 3), (0, 2, 3), (1, 2, 3)], [(1, 3), (0, 1)], [(0, 1), (0, 2), (1, 2)], [(2, 3), (0, 1, 3), (0, 2)], [(2, 3), (0, 1), (1, 2)], [(1, 3), (0, 2, 3), (0, 1)], [(2, 3), (0, 1), (0, 2)], [(2, 3), (0, 2), (1, 2)], [(1, 3), (0, 1), (0, 2)], [(2, 3), (0, 1, 3), (0, 2), (1, 2)], [(2, 3), (0, 1), (0, 2), (1, 2)], [(1, 3), (0, 1), (0, 2), (1, 2)], [(0, 3), (0, 1), (0, 2), (1, 2)], [(0, 3), (2, 3), (0, 1), (0, 2)], [(2,), (0, 1)], [(1, 3), (2, 3), (0, 1), (0, 2), (1, 2)], [(0, 3), (2, 3), (0, 1), (0, 2), (1, 2)], [(0, 1, 3), (2,)], [(2, 3), (1,), (0, 2)], [(0, 3), (2,), (0, 1)], [(1, 3), (2, 3), (0, 1), (0, 2)], [(1, 3), (2,), (0, 1)], [(1,), (0, 2)], [(0, 3), (1, 3), (2, 3), (0, 1), (0, 2), (1, 2)], [(1,), (2,)], [(0, 3), (1, 3), (2,), (0, 1)], [(0, 3), (1,), (2,)], [(2, 3), (0,), (1,)], [(1, 3), (0,), (2,)], [(0,), (1,), (2,)], [(3,), (1,), (2,)], [()]]

Onto a set of size 20
[] True
[(0, 1, 2)] True
[(0, 1)] True
[(0, 2)] True
[(0, 1), (0, 2)] True
[(1, 2)] True
[(0, 1), (1, 2)] True
[(0, 2), (1, 2)] True
[(0, 1), (0, 2), (1, 2)] True
[(2,), (0, 1)] True
[(1,), (0, 2)] True
[(1,), (2,)] True
[(0,), (1, 2)] True
[(0,), (2,)] True
[(0,), (1,)] True
[(0,), (1,), (2,)] True
[(0,)] True
[(1,)] True
[(2,)] True
[()] True


A sample function for i=108
(0, 0, 0, 0, 0, 0, 0) :  [(0, 1, 2, 3)]
(0, 0, 0, 0, 0, 0, 1) :  [(0, 1, 2)]
(0, 0, 0, 0, 0, 1, 0) :  [(0, 1, 3)]
(0, 0, 0, 0, 1, 0, 0) :  [(0, 2, 3)]
(0, 0, 0, 1, 0, 0, 0) :  [(0, 1, 3), (0, 1, 2)]
(0, 0, 1, 0, 0, 0, 0) :  [(1, 2, 3)]
(0, 1, 0, 0, 0, 0, 0) :  [(0, 2, 3), (0, 1, 2)]
(1, 0, 0, 0, 0, 0, 0) :  [(0, 1, 3), (0, 2, 3)]
(0, 0, 0, 0, 0, 1, 1) :  [(0, 1)]
(0, 0, 0, 0, 1, 0, 1) :  [(0, 2)]
(0, 0, 0, 1, 0, 0, 1) :  [(0, 1, 3), (0, 2, 3), (0, 1, 2)]
(0, 0, 1, 0, 0, 0, 1) :  [(1, 2, 3), (0, 1, 2)]
(0, 1, 0, 0, 0, 0, 1) :  [(0, 2, 3), (1, 2, 3), (0, 1, 2)]
(1, 0, 0, 0, 0, 0, 1) :  [(0, 2, 3), (0, 1)]
(0, 0, 0, 0, 1, 1, 0) :  [(0, 1, 3), (0, 2, 3), (1, 2, 3)]
(0, 0, 0, 1, 0, 1, 0) :  [(0, 1, 3), (1, 2, 3), (0, 1, 2)]
(0, 0, 1, 0, 0, 1, 0) :  [(0, 1, 3), (1, 2, 3)]
(0, 1, 0, 0, 0, 1, 0) :  [(0, 1, 3), (0, 2)]
(1, 0, 0, 0, 0, 1, 0) :  [(0, 3)]
(0, 0, 0, 1, 1, 0, 0) :  [(0, 1, 3), (0, 2, 3), (1, 2, 3), (0, 1, 2)]
(0, 0, 1, 0, 1, 0, 0) :  [(0, 2, 3), (1, 2, 3)]
(0, 1, 0, 0, 1, 0, 0) :  [(1, 2, 3), (0, 2)]
(1, 0, 0, 0, 1, 0, 0) :  [(2, 3), (0, 1, 3)]
(0, 0, 1, 1, 0, 0, 0) :  [(1, 2, 3), (0, 1)]
(0, 1, 0, 1, 0, 0, 0) :  [(0, 3), (0, 1, 2)]
(1, 0, 0, 1, 0, 0, 0) :  [(0, 2, 3), (1, 2, 3), (0, 1)]
(0, 1, 1, 0, 0, 0, 0) :  [(0, 2, 3), (1, 2)]
(1, 0, 1, 0, 0, 0, 0) :  [(1, 3), (0, 2, 3)]
(1, 1, 0, 0, 0, 0, 0) :  [(0, 1, 3), (1, 2, 3), (0, 2)]
(0, 0, 0, 0, 1, 1, 1) :  [(1, 2, 3), (0, 1), (0, 2)]
(0, 0, 0, 1, 0, 1, 1) :  [(0, 2, 3), (0, 1), (1, 2)]
(0, 0, 1, 0, 0, 1, 1) :  [(0, 1), (1, 2)]
(0, 1, 0, 0, 0, 1, 1) :  [(0, 1), (0, 2), (1, 2)]
(1, 0, 0, 0, 0, 1, 1) :  [(0, 3), (0, 1)]
(0, 0, 0, 1, 1, 0, 1) :  [(0, 1, 3), (0, 2), (1, 2)]
(0, 0, 1, 0, 1, 0, 1) :  [(0, 2), (1, 2)]
(0, 1, 0, 0, 1, 0, 1) :  [(2, 3), (0, 2)]
(1, 0, 0, 0, 1, 0, 1) :  [(2, 3), (0, 1), (0, 2)]
(0, 0, 1, 1, 0, 0, 1) :  [(2, 3), (0, 1)]
(0, 1, 0, 1, 0, 0, 1) :  [(0, 3), (1, 2, 3), (0, 1, 2)]
(1, 0, 0, 1, 0, 0, 1) :  [(1, 3), (0, 2, 3), (0, 1)]
(0, 1, 1, 0, 0, 0, 1) :  [(0, 1, 3), (0, 2, 3), (1, 2)]
(1, 0, 1, 0, 0, 0, 1) :  [(1, 3), (0, 1), (0, 2)]
(1, 1, 0, 0, 0, 0, 1) :  [(0, 3), (1, 2, 3), (0, 1), (0, 2)]
(0, 0, 0, 1, 1, 1, 0) :  [(2, 3), (0, 1, 3), (0, 1, 2)]
(0, 0, 1, 0, 1, 1, 0) :  [(0, 3), (1, 2, 3)]
(0, 1, 0, 0, 1, 1, 0) :  [(2, 3), (0, 1, 3), (0, 2)]
(1, 0, 0, 0, 1, 1, 0) :  [(0, 3), (2, 3)]
(0, 0, 1, 1, 0, 1, 0) :  [(1, 3), (0, 1)]
(0, 1, 0, 1, 0, 1, 0) :  [(0, 3), (1, 2, 3), (0, 2)]
(1, 0, 0, 1, 0, 1, 0) :  [(0, 3), (1, 2, 3), (0, 1)]
(0, 1, 1, 0, 0, 1, 0) :  [(2, 3), (0, 1, 3), (0, 2), (1, 2)]
(1, 0, 1, 0, 0, 1, 0) :  [(0, 3), (1, 3)]
(1, 1, 0, 0, 0, 1, 0) :  [(0, 3), (0, 2), (1, 2)]
(0, 0, 1, 1, 1, 0, 0) :  [(2, 3), (0, 1), (1, 2)]
(0, 1, 0, 1, 1, 0, 0) :  [(0, 3), (2, 3), (0, 2)]
(1, 0, 0, 1, 1, 0, 0) :  [(1, 3), (2, 3), (0, 1)]
(0, 1, 1, 0, 1, 0, 0) :  [(2, 3), (0, 2), (1, 2)]
(1, 0, 1, 0, 1, 0, 0) :  [(1, 3), (2, 3)]
(1, 1, 0, 0, 1, 0, 0) :  [(1, 3), (2, 3), (0, 2)]
(0, 1, 1, 1, 0, 0, 0) :  [(0, 3), (0, 1), (1, 2)]
(1, 0, 1, 1, 0, 0, 0) :  [(1, 3), (0, 2, 3), (0, 1), (1, 2)]
(1, 1, 0, 1, 0, 0, 0) :  [(0, 3), (0, 1), (0, 2), (1, 2)]
(1, 1, 1, 0, 0, 0, 0) :  [(1, 3), (0, 2), (1, 2)]
(0, 0, 0, 1, 1, 1, 1) :  [(2, 3), (0, 1), (0, 2), (1, 2)]
(0, 0, 1, 0, 1, 1, 1) :  [(0,), (1, 2)]
(0, 1, 0, 0, 1, 1, 1) :  [(2,), (0, 1)]
(1, 0, 0, 0, 1, 1, 1) :  [(0, 3), (2, 3), (0, 1), (0, 2)]
(0, 0, 1, 1, 0, 1, 1) :  [(1, 3), (2, 3), (0, 1), (1, 2)]
(0, 1, 0, 1, 0, 1, 1) :  [(0, 3), (2, 3), (0, 1), (0, 2), (1, 2)]
(1, 0, 0, 1, 0, 1, 1) :  [(0, 3), (1, 3), (0, 1), (1, 2)]
(0, 1, 1, 0, 0, 1, 1) :  [(1, 3), (2, 3), (0, 1), (0, 2), (1, 2)]
(1, 0, 1, 0, 0, 1, 1) :  [(0, 3), (1, 3), (0, 1), (0, 2), (1, 2)]
(1, 1, 0, 0, 0, 1, 1) :  [(0, 3), (2,), (0, 1)]
(0, 0, 1, 1, 1, 0, 1) :  [(1, 3), (2,), (0, 1)]
(0, 1, 0, 1, 1, 0, 1) :  [(0, 3), (2, 3), (0, 2), (1, 2)]
(1, 0, 0, 1, 1, 0, 1) :  [(2, 3), (1,), (0, 2)]
(0, 1, 1, 0, 1, 0, 1) :  [(0, 1, 3), (2,)]
(1, 0, 1, 0, 1, 0, 1) :  [(0, 3), (1, 3), (2, 3), (0, 1), (0, 2), (1, 2)]
(1, 1, 0, 0, 1, 0, 1) :  [(0, 3), (1, 3), (2, 3), (0, 1), (0, 2)]
(0, 1, 1, 1, 0, 0, 1) :  [(0, 3), (2, 3), (0, 1), (1, 2)]
(1, 0, 1, 1, 0, 0, 1) :  [(1,), (2,)]
(1, 1, 0, 1, 0, 0, 1) :  [(0, 3), (1,), (0, 2)]
(1, 1, 1, 0, 0, 0, 1) :  [(1, 3), (0,), (1, 2)]
(0, 0, 1, 1, 1, 1, 0) :  [(0, 3), (1, 3), (2, 3), (0, 1), (1, 2)]
(0, 1, 0, 1, 1, 1, 0) :  [(0, 3), (1, 3), (2, 3), (0, 2)]
(1, 0, 0, 1, 1, 1, 0) :  [(0, 3), (1, 3), (2, 3), (0, 1)]
(0, 1, 1, 0, 1, 1, 0) :  [(0, 3), (2,)]
(1, 0, 1, 0, 1, 1, 0) :  [(0, 3), (1, 3), (2, 3)]
(1, 1, 0, 0, 1, 1, 0) :  [(0, 3), (1, 3), (2, 3), (0, 2), (1, 2)]
(0, 1, 1, 1, 0, 1, 0) :  [(0, 3), (1, 3), (2,), (0, 1)]
(1, 0, 1, 1, 0, 1, 0) :  [(0, 3), (1,)]
(1, 1, 0, 1, 0, 1, 0) :  [(2, 3), (0,), (1, 2)]
(1, 1, 1, 0, 0, 1, 0) :  [(0, 3), (1, 3), (2,)]
(0, 1, 1, 1, 1, 0, 0) :  [(0,), (2,)]
(1, 0, 1, 1, 1, 0, 0) :  [(2, 3), (1,)]
(1, 1, 0, 1, 1, 0, 0) :  [(0, 3), (2, 3), (1,), (0, 2)]
(1, 1, 1, 0, 1, 0, 0) :  [(1, 3), (2, 3), (0, 2), (1, 2)]
(1, 1, 1, 1, 0, 0, 0) :  [(0,), (1,)]
(0, 0, 1, 1, 1, 1, 1) :  [(1, 3), (0,), (2,)]
(0, 1, 0, 1, 1, 1, 1) :  [(0, 3), (1,), (2,)]
(1, 0, 0, 1, 1, 1, 1) :  [(2, 3), (0,), (1,)]
(0, 1, 1, 0, 1, 1, 1) :  [(0,), (1,), (2,)]
(1, 0, 1, 0, 1, 1, 1) :  [(1, 3), (2, 3), (0,), (1, 2)]
(1, 1, 0, 0, 1, 1, 1) :  [(3,), (2,), (0, 1)]
(0, 1, 1, 1, 0, 1, 1) :  [(3,), (0,), (2,)]
(1, 0, 1, 1, 0, 1, 1) :  [(3,), (1,), (2,)]
(1, 1, 0, 1, 0, 1, 1) :  [(3,), (0,), (1,), (2,)]
(1, 1, 1, 0, 0, 1, 1) :  [()]
[[(0, 1, 2, 3)], [(0, 1, 2)], [(0, 1, 3)], [(0, 2, 3)], [(0, 1, 3), (0, 1, 2)], [(1, 2, 3)], [(0, 2, 3), (0, 1, 2)], [(0, 1, 3), (0, 2, 3)], [(0, 1)], [(0, 2)], [(0, 1, 3), (0, 2, 3), (0, 1, 2)], [(1, 2, 3), (0, 1, 2)], [(0, 2, 3), (1, 2, 3), (0, 1, 2)], [(0, 2, 3), (0, 1)], [(0, 1, 3), (0, 2, 3), (1, 2, 3)], [(0, 1, 3), (1, 2, 3), (0, 1, 2)], [(0, 1, 3), (1, 2, 3)], [(0, 1, 3), (0, 2)], [(0, 3)], [(0, 1, 3), (0, 2, 3), (1, 2, 3), (0, 1, 2)], [(0, 2, 3), (1, 2, 3)], [(1, 2, 3), (0, 2)], [(2, 3), (0, 1, 3)], [(1, 2, 3), (0, 1)], [(0, 3), (0, 1, 2)], [(0, 2, 3), (1, 2, 3), (0, 1)], [(0, 2, 3), (1, 2)], [(1, 3), (0, 2, 3)], [(0, 1, 3), (1, 2, 3), (0, 2)], [(1, 2, 3), (0, 1), (0, 2)], [(0, 2, 3), (0, 1), (1, 2)], [(0, 1), (1, 2)], [(0, 1), (0, 2), (1, 2)], [(0, 3), (0, 1)], [(0, 1, 3), (0, 2), (1, 2)], [(0, 2), (1, 2)], [(2, 3), (0, 2)], [(2, 3), (0, 1), (0, 2)], [(2, 3), (0, 1)], [(0, 3), (1, 2, 3), (0, 1, 2)], [(1, 3), (0, 2, 3), (0, 1)], [(0, 1, 3), (0, 2, 3), (1, 2)], [(1, 3), (0, 1), (0, 2)], [(0, 3), (1, 2, 3), (0, 1), (0, 2)], [(2, 3), (0, 1, 3), (0, 1, 2)], [(0, 3), (1, 2, 3)], [(2, 3), (0, 1, 3), (0, 2)], [(0, 3), (2, 3)], [(1, 3), (0, 1)], [(0, 3), (1, 2, 3), (0, 2)], [(0, 3), (1, 2, 3), (0, 1)], [(2, 3), (0, 1, 3), (0, 2), (1, 2)], [(0, 3), (1, 3)], [(0, 3), (0, 2), (1, 2)], [(2, 3), (0, 1), (1, 2)], [(0, 3), (2, 3), (0, 2)], [(1, 3), (2, 3), (0, 1)], [(2, 3), (0, 2), (1, 2)], [(1, 3), (2, 3)], [(1, 3), (2, 3), (0, 2)], [(0, 3), (0, 1), (1, 2)], [(1, 3), (0, 2, 3), (0, 1), (1, 2)], [(0, 3), (0, 1), (0, 2), (1, 2)], [(1, 3), (0, 2), (1, 2)], [(2, 3), (0, 1), (0, 2), (1, 2)], [(0,), (1, 2)], [(2,), (0, 1)], [(0, 3), (2, 3), (0, 1), (0, 2)], [(1, 3), (2, 3), (0, 1), (1, 2)], [(0, 3), (2, 3), (0, 1), (0, 2), (1, 2)], [(0, 3), (1, 3), (0, 1), (1, 2)], [(1, 3), (2, 3), (0, 1), (0, 2), (1, 2)], [(0, 3), (1, 3), (0, 1), (0, 2), (1, 2)], [(0, 3), (2,), (0, 1)], [(1, 3), (2,), (0, 1)], [(0, 3), (2, 3), (0, 2), (1, 2)], [(2, 3), (1,), (0, 2)], [(0, 1, 3), (2,)], [(0, 3), (1, 3), (2, 3), (0, 1), (0, 2), (1, 2)], [(0, 3), (1, 3), (2, 3), (0, 1), (0, 2)], [(0, 3), (2, 3), (0, 1), (1, 2)], [(1,), (2,)], [(0, 3), (1,), (0, 2)], [(1, 3), (0,), (1, 2)], [(0, 3), (1, 3), (2, 3), (0, 1), (1, 2)], [(0, 3), (1, 3), (2, 3), (0, 2)], [(0, 3), (1, 3), (2, 3), (0, 1)], [(0, 3), (2,)], [(0, 3), (1, 3), (2, 3)], [(0, 3), (1, 3), (2, 3), (0, 2), (1, 2)], [(0, 3), (1, 3), (2,), (0, 1)], [(0, 3), (1,)], [(2, 3), (0,), (1, 2)], [(0, 3), (1, 3), (2,)], [(0,), (2,)], [(2, 3), (1,)], [(0, 3), (2, 3), (1,), (0, 2)], [(1, 3), (2, 3), (0, 2), (1, 2)], [(0,), (1,)], [(1, 3), (0,), (2,)], [(0, 3), (1,), (2,)], [(2, 3), (0,), (1,)], [(0,), (1,), (2,)], [(1, 3), (2, 3), (0,), (1, 2)], [(3,), (2,), (0, 1)], [(3,), (0,), (2,)], [(3,), (1,), (2,)], [(3,), (0,), (1,), (2,)], [()], [()], [()], [()], [()], [()], [()], [()], [()], [()], [()], [()], [()], [()], [()], [()], [()], [()], [()], [()]]

OntoAdequate, i=108



A sample function for i=112
(0, 0, 0, 0, 0, 0, 0) :  [(0, 1, 2, 3)]
(0, 0, 0, 0, 0, 0, 1) :  [(0, 1, 2)]
(0, 0, 0, 0, 0, 1, 0) :  [(0, 1, 3)]
(0, 0, 0, 0, 1, 0, 0) :  [(0, 2, 3)]
(0, 0, 0, 1, 0, 0, 0) :  [(1, 2, 3)]
(0, 0, 1, 0, 0, 0, 0) :  [(0, 1, 3), (0, 1, 2)]
(0, 1, 0, 0, 0, 0, 0) :  [(0, 2, 3), (0, 1, 2)]
(1, 0, 0, 0, 0, 0, 0) :  [(0, 1, 3), (0, 2, 3)]
(0, 0, 0, 0, 0, 1, 1) :  [(0, 1)]
(0, 0, 0, 0, 1, 0, 1) :  [(0, 2)]
(0, 0, 0, 1, 0, 0, 1) :  [(1, 2, 3), (0, 1, 2)]
(0, 0, 1, 0, 0, 0, 1) :  [(0, 1, 3), (0, 2, 3), (0, 1, 2)]
(0, 1, 0, 0, 0, 0, 1) :  [(0, 2, 3), (1, 2, 3), (0, 1, 2)]
(1, 0, 0, 0, 0, 0, 1) :  [(0, 1, 3), (0, 2)]
(0, 0, 0, 0, 1, 1, 0) :  [(0, 1, 3), (0, 2, 3), (1, 2, 3)]
(0, 0, 0, 1, 0, 1, 0) :  [(0, 1, 3), (1, 2, 3)]
(0, 0, 1, 0, 0, 1, 0) :  [(0, 2, 3), (0, 1)]
(0, 1, 0, 0, 0, 1, 0) :  [(0, 1, 3), (0, 2, 3), (1, 2, 3), (0, 1, 2)]
(1, 0, 0, 0, 0, 1, 0) :  [(0, 3)]
(0, 0, 0, 1, 1, 0, 0) :  [(0, 2, 3), (1, 2, 3)]
(0, 0, 1, 0, 1, 0, 0) :  [(0, 3), (0, 1, 2)]
(0, 1, 0, 0, 1, 0, 0) :  [(1, 2, 3), (0, 2)]
(1, 0, 0, 0, 1, 0, 0) :  [(2, 3), (0, 1, 3)]
(0, 0, 1, 1, 0, 0, 0) :  [(0, 1, 3), (1, 2, 3), (0, 1, 2)]
(0, 1, 0, 1, 0, 0, 0) :  [(0, 2, 3), (1, 2)]
(1, 0, 0, 1, 0, 0, 0) :  [(1, 3), (0, 2, 3)]
(0, 1, 1, 0, 0, 0, 0) :  [(0, 1), (0, 2)]
(1, 0, 1, 0, 0, 0, 0) :  [(0, 2, 3), (1, 2, 3), (0, 1)]
(1, 1, 0, 0, 0, 0, 0) :  [(0, 1, 3), (1, 2, 3), (0, 2)]
(0, 0, 0, 0, 1, 1, 1) :  [(1, 2, 3), (0, 1), (0, 2)]
(0, 0, 0, 1, 0, 1, 1) :  [(1, 2, 3), (0, 1)]
(0, 0, 1, 0, 0, 1, 1) :  [(0, 3), (0, 1)]
(0, 1, 0, 0, 0, 1, 1) :  [(0, 2, 3), (0, 1), (1, 2)]
(1, 0, 0, 0, 0, 1, 1) :  [(0, 3), (0, 1), (0, 2)]
(0, 0, 0, 1, 1, 0, 1) :  [(0, 2), (1, 2)]
(0, 0, 1, 0, 1, 0, 1) :  [(0, 3), (0, 2)]
(0, 1, 0, 0, 1, 0, 1) :  [(2, 3), (0, 2)]
(1, 0, 0, 0, 1, 0, 1) :  [(2, 3), (0, 1, 3), (0, 2)]
(0, 0, 1, 1, 0, 0, 1) :  [(0, 1, 3), (0, 2, 3), (1, 2)]
(0, 1, 0, 1, 0, 0, 1) :  [(2, 3), (1, 2)]
(1, 0, 0, 1, 0, 0, 1) :  [(1, 3), (0, 2)]
(0, 1, 1, 0, 0, 0, 1) :  [(0, 1), (0, 2), (1, 2)]
(1, 0, 1, 0, 0, 0, 1) :  [(2, 3), (0, 1), (0, 2)]
(1, 1, 0, 0, 0, 0, 1) :  [(0, 1, 3), (0, 2), (1, 2)]
(0, 0, 0, 1, 1, 1, 0) :  [(0, 3), (1, 2, 3)]
(0, 0, 1, 0, 1, 1, 0) :  [(0, 3), (1, 2, 3), (0, 1)]
(0, 1, 0, 0, 1, 1, 0) :  [(0, 3), (1, 2, 3), (0, 2)]
(1, 0, 0, 0, 1, 1, 0) :  [(0, 3), (2, 3)]
(0, 0, 1, 1, 0, 1, 0) :  [(2, 3), (0, 1)]
(0, 1, 0, 1, 0, 1, 0) :  [(2, 3), (0, 1, 3), (1, 2)]
(1, 0, 0, 1, 0, 1, 0) :  [(0, 3), (1, 3)]
(0, 1, 1, 0, 0, 1, 0) :  [(1, 3), (0, 1), (0, 2)]
(1, 0, 1, 0, 0, 1, 0) :  [(0, 3), (1, 2, 3), (0, 1), (0, 2)]
(1, 1, 0, 0, 0, 1, 0) :  [(0, 3), (0, 2), (1, 2)]
(0, 0, 1, 1, 1, 0, 0) :  [(0, 3), (1, 2, 3), (0, 1, 2)]
(0, 1, 0, 1, 1, 0, 0) :  [(2, 3), (0, 2), (1, 2)]
(1, 0, 0, 1, 1, 0, 0) :  [(1, 3), (2, 3)]
(0, 1, 1, 0, 1, 0, 0) :  [(0, 3), (0, 1), (0, 2), (1, 2)]
(1, 0, 1, 0, 1, 0, 0) :  [(0, 3), (2, 3), (0, 1)]
(1, 1, 0, 0, 1, 0, 0) :  [(2, 3), (0, 1, 3), (0, 2), (1, 2)]
(0, 1, 1, 1, 0, 0, 0) :  [(2, 3), (0, 1), (0, 2), (1, 2)]
(1, 0, 1, 1, 0, 0, 0) :  [(1, 3), (0, 2, 3), (0, 1)]
(1, 1, 0, 1, 0, 0, 0) :  [(1, 3), (0, 2), (1, 2)]
(1, 1, 1, 0, 0, 0, 0) :  [(1, 3), (0, 1), (0, 2), (1, 2)]
(0, 0, 0, 1, 1, 1, 1) :  [(0,), (1, 2)]
(0, 0, 1, 0, 1, 1, 1) :  [(1, 2, 3), (0,)]
(0, 1, 0, 0, 1, 1, 1) :  [(0, 3), (2, 3), (0, 1), (0, 2), (1, 2)]
(1, 0, 0, 0, 1, 1, 1) :  [(0, 3), (2, 3), (0, 1), (0, 2)]
(0, 0, 1, 1, 0, 1, 1) :  [(0, 3), (2, 3), (0, 1), (1, 2)]
(0, 1, 0, 1, 0, 1, 1) :  [(2, 3), (0, 1), (1, 2)]
(1, 0, 0, 1, 0, 1, 1) :  [(0, 3), (1, 3), (0, 1), (0, 2)]
(0, 1, 1, 0, 0, 1, 1) :  [(0, 3), (1, 3), (0, 1), (0, 2), (1, 2)]
(1, 0, 1, 0, 0, 1, 1) :  [(2, 3), (0,)]
(1, 1, 0, 0, 0, 1, 1) :  [(0, 3), (2,), (0, 1)]
(0, 0, 1, 1, 1, 0, 1) :  [(0, 3), (2, 3), (0, 2), (1, 2)]
(0, 1, 0, 1, 1, 0, 1) :  [(2,)]
(1, 0, 0, 1, 1, 0, 1) :  [(1, 3), (2, 3), (0, 2), (1, 2)]
(0, 1, 1, 0, 1, 0, 1) :  [(2, 3), (0,), (1, 2)]
(1, 0, 1, 0, 1, 0, 1) :  [(0, 3), (1, 3), (2, 3), (0, 1), (0, 2)]
(1, 1, 0, 0, 1, 0, 1) :  [(0, 1, 3), (2,)]
(0, 1, 1, 1, 0, 0, 1) :  [(2,), (0, 1)]
(1, 0, 1, 1, 0, 0, 1) :  [(1, 3), (2, 3), (0, 1), (0, 2), (1, 2)]
(1, 1, 0, 1, 0, 0, 1) :  [(1, 3), (2,)]
(1, 1, 1, 0, 0, 0, 1) :  [(1, 3), (2,), (0, 1)]
(0, 0, 1, 1, 1, 1, 0) :  [(0, 3), (1, 3), (2, 3), (0, 1)]
(0, 1, 0, 1, 1, 1, 0) :  [(0, 3), (2,)]
(1, 0, 0, 1, 1, 1, 0) :  [(0, 3), (1, 3), (2, 3)]
(0, 1, 1, 0, 1, 1, 0) :  [(0, 3), (1,), (0, 2)]
(1, 0, 1, 0, 1, 1, 0) :  [(0, 3), (1, 3), (2, 3), (0, 1), (0, 2), (1, 2)]
(1, 1, 0, 0, 1, 1, 0) :  [(0, 3), (1, 3), (2, 3), (0, 2), (1, 2)]
(0, 1, 1, 1, 0, 1, 0) :  [(2, 3), (1,), (0, 2)]
(1, 0, 1, 1, 0, 1, 0) :  [(1, 3), (2, 3), (0,)]
(1, 1, 0, 1, 0, 1, 0) :  [(0, 3), (1, 3), (2,)]
(1, 1, 1, 0, 0, 1, 0) :  [(1, 3), (0,), (1, 2)]
(0, 1, 1, 1, 1, 0, 0) :  [(0,), (2,)]
(1, 0, 1, 1, 1, 0, 0) :  [(0, 3), (1, 3), (2, 3), (0, 1), (1, 2)]
(1, 1, 0, 1, 1, 0, 0) :  [(3,), (0, 2), (1, 2)]
(1, 1, 1, 0, 1, 0, 0) :  [(0, 3), (1, 3), (2,), (0, 1)]
(1, 1, 1, 1, 0, 0, 0) :  [(1,), (2,)]
(0, 0, 1, 1, 1, 1, 1) :  [(1, 3), (2, 3), (0,), (1, 2)]
(0, 1, 0, 1, 1, 1, 1) :  [(1, 3), (0,), (2,)]
(1, 0, 0, 1, 1, 1, 1) :  [(2, 3), (0,), (1,)]
(0, 1, 1, 0, 1, 1, 1) :  [(0,), (1,), (2,)]
(1, 0, 1, 0, 1, 1, 1) :  [(3,), (0,), (1, 2)]
(1, 1, 0, 0, 1, 1, 1) :  [(0, 3), (1,), (2,)]
(0, 1, 1, 1, 0, 1, 1) :  [(3,), (1,), (2,)]
(1, 0, 1, 1, 0, 1, 1) :  [(3,), (0,), (1,)]
(1, 1, 0, 1, 0, 1, 1) :  [(3,), (2,), (0, 1)]
(1, 1, 1, 0, 0, 1, 1) :  [(3,), (0,), (2,)]
(0, 1, 1, 1, 1, 0, 1) :  [(3,), (0,), (1,), (2,)]
(1, 0, 1, 1, 1, 0, 1) :  [(0, 3), (2, 3), (1,), (0, 2)]
(1, 1, 0, 1, 1, 0, 1) :  [(3,), (2,)]
(1, 1, 1, 0, 1, 0, 1) :  [()]
[[(0, 1, 2, 3)], [(0, 1, 2)], [(0, 1, 3)], [(0, 2, 3)], [(1, 2, 3)], [(0, 1, 3), (0, 1, 2)], [(0, 2, 3), (0, 1, 2)], [(0, 1, 3), (0, 2, 3)], [(0, 1)], [(0, 2)], [(1, 2, 3), (0, 1, 2)], [(0, 1, 3), (0, 2, 3), (0, 1, 2)], [(0, 2, 3), (1, 2, 3), (0, 1, 2)], [(0, 1, 3), (0, 2)], [(0, 1, 3), (0, 2, 3), (1, 2, 3)], [(0, 1, 3), (1, 2, 3)], [(0, 2, 3), (0, 1)], [(0, 1, 3), (0, 2, 3), (1, 2, 3), (0, 1, 2)], [(0, 3)], [(0, 2, 3), (1, 2, 3)], [(0, 3), (0, 1, 2)], [(1, 2, 3), (0, 2)], [(2, 3), (0, 1, 3)], [(0, 1, 3), (1, 2, 3), (0, 1, 2)], [(0, 2, 3), (1, 2)], [(1, 3), (0, 2, 3)], [(0, 1), (0, 2)], [(0, 2, 3), (1, 2, 3), (0, 1)], [(0, 1, 3), (1, 2, 3), (0, 2)], [(1, 2, 3), (0, 1), (0, 2)], [(1, 2, 3), (0, 1)], [(0, 3), (0, 1)], [(0, 2, 3), (0, 1), (1, 2)], [(0, 3), (0, 1), (0, 2)], [(0, 2), (1, 2)], [(0, 3), (0, 2)], [(2, 3), (0, 2)], [(2, 3), (0, 1, 3), (0, 2)], [(0, 1, 3), (0, 2, 3), (1, 2)], [(2, 3), (1, 2)], [(1, 3), (0, 2)], [(0, 1), (0, 2), (1, 2)], [(2, 3), (0, 1), (0, 2)], [(0, 1, 3), (0, 2), (1, 2)], [(0, 3), (1, 2, 3)], [(0, 3), (1, 2, 3), (0, 1)], [(0, 3), (1, 2, 3), (0, 2)], [(0, 3), (2, 3)], [(2, 3), (0, 1)], [(2, 3), (0, 1, 3), (1, 2)], [(0, 3), (1, 3)], [(1, 3), (0, 1), (0, 2)], [(0, 3), (1, 2, 3), (0, 1), (0, 2)], [(0, 3), (0, 2), (1, 2)], [(0, 3), (1, 2, 3), (0, 1, 2)], [(2, 3), (0, 2), (1, 2)], [(1, 3), (2, 3)], [(0, 3), (0, 1), (0, 2), (1, 2)], [(0, 3), (2, 3), (0, 1)], [(2, 3), (0, 1, 3), (0, 2), (1, 2)], [(2, 3), (0, 1), (0, 2), (1, 2)], [(1, 3), (0, 2, 3), (0, 1)], [(1, 3), (0, 2), (1, 2)], [(1, 3), (0, 1), (0, 2), (1, 2)], [(0,), (1, 2)], [(1, 2, 3), (0,)], [(0, 3), (2, 3), (0, 1), (0, 2), (1, 2)], [(0, 3), (2, 3), (0, 1), (0, 2)], [(0, 3), (2, 3), (0, 1), (1, 2)], [(2, 3), (0, 1), (1, 2)], [(0, 3), (1, 3), (0, 1), (0, 2)], [(0, 3), (1, 3), (0, 1), (0, 2), (1, 2)], [(2, 3), (0,)], [(0, 3), (2,), (0, 1)], [(0, 3), (2, 3), (0, 2), (1, 2)], [(2,)], [(1, 3), (2, 3), (0, 2), (1, 2)], [(2, 3), (0,), (1, 2)], [(0, 3), (1, 3), (2, 3), (0, 1), (0, 2)], [(0, 1, 3), (2,)], [(2,), (0, 1)], [(1, 3), (2, 3), (0, 1), (0, 2), (1, 2)], [(1, 3), (2,)], [(1, 3), (2,), (0, 1)], [(0, 3), (1, 3), (2, 3), (0, 1)], [(0, 3), (2,)], [(0, 3), (1, 3), (2, 3)], [(0, 3), (1,), (0, 2)], [(0, 3), (1, 3), (2, 3), (0, 1), (0, 2), (1, 2)], [(0, 3), (1, 3), (2, 3), (0, 2), (1, 2)], [(2, 3), (1,), (0, 2)], [(1, 3), (2, 3), (0,)], [(0, 3), (1, 3), (2,)], [(1, 3), (0,), (1, 2)], [(0,), (2,)], [(0, 3), (1, 3), (2, 3), (0, 1), (1, 2)], [(3,), (0, 2), (1, 2)], [(0, 3), (1, 3), (2,), (0, 1)], [(1,), (2,)], [(1, 3), (2, 3), (0,), (1, 2)], [(1, 3), (0,), (2,)], [(2, 3), (0,), (1,)], [(0,), (1,), (2,)], [(3,), (0,), (1, 2)], [(0, 3), (1,), (2,)], [(3,), (1,), (2,)], [(3,), (0,), (1,)], [(3,), (2,), (0, 1)], [(3,), (0,), (2,)], [(3,), (0,), (1,), (2,)], [(0, 3), (2, 3), (1,), (0, 2)], [(3,), (2,)], [()], [()], [()], [()], [()], [()], [()], [()], [()], [()], [()], [()], [()], [()], [()], [()]]

Onto a set of size 19
[] True
[(0, 1, 2)] True
[(0, 1)] True
[(0, 2)] True
[(0, 1), (0, 2)] True
[(1, 2)] True
[(0, 1), (1, 2)] True
[(0, 2), (1, 2)] True
[(0, 1), (0, 2), (1, 2)] True
[(2,), (0, 1)] True
[(1,), (0, 2)] True
[(1,), (2,)] True
[(0,), (1, 2)] True
[(0,), (2,)] True
[(0,), (1,)] True
[(0,), (1,), (2,)] True
[(0,)] True
[(1,)] False
[(2,)] True
[()] True

A sample function for i=112
(0, 0, 0, 0, 0, 0, 0) :  [(0, 1, 2, 3)]
(0, 0, 0, 0, 0, 0, 1) :  [(0, 1, 2)]
(0, 0, 0, 0, 0, 1, 0) :  [(0, 1, 3)]
(0, 0, 0, 0, 1, 0, 0) :  [(0, 2, 3)]
(0, 0, 0, 1, 0, 0, 0) :  [(1, 2, 3)]
(0, 0, 1, 0, 0, 0, 0) :  [(0, 1, 3), (0, 1, 2)]
(0, 1, 0, 0, 0, 0, 0) :  [(0, 2, 3), (0, 1, 2)]
(1, 0, 0, 0, 0, 0, 0) :  [(0, 1, 3), (0, 2, 3)]
(0, 0, 0, 0, 0, 1, 1) :  [(0, 1)]
(0, 0, 0, 0, 1, 0, 1) :  [(0, 2)]
(0, 0, 0, 1, 0, 0, 1) :  [(1, 2, 3), (0, 1, 2)]
(0, 0, 1, 0, 0, 0, 1) :  [(0, 1, 3), (0, 2, 3), (0, 1, 2)]
(0, 1, 0, 0, 0, 0, 1) :  [(0, 2, 3), (1, 2, 3), (0, 1, 2)]
(1, 0, 0, 0, 0, 0, 1) :  [(0, 1, 3), (0, 2)]
(0, 0, 0, 0, 1, 1, 0) :  [(0, 1, 3), (0, 2, 3), (1, 2, 3)]
(0, 0, 0, 1, 0, 1, 0) :  [(0, 1, 3), (1, 2, 3)]
(0, 0, 1, 0, 0, 1, 0) :  [(0, 2, 3), (0, 1)]
(0, 1, 0, 0, 0, 1, 0) :  [(0, 1, 3), (0, 2, 3), (1, 2, 3), (0, 1, 2)]
(1, 0, 0, 0, 0, 1, 0) :  [(0, 3)]
(0, 0, 0, 1, 1, 0, 0) :  [(0, 2, 3), (1, 2, 3)]
(0, 0, 1, 0, 1, 0, 0) :  [(0, 3), (0, 1, 2)]
(0, 1, 0, 0, 1, 0, 0) :  [(1, 2, 3), (0, 2)]
(1, 0, 0, 0, 1, 0, 0) :  [(2, 3), (0, 1, 3)]
(0, 0, 1, 1, 0, 0, 0) :  [(0, 1, 3), (1, 2, 3), (0, 1, 2)]
(0, 1, 0, 1, 0, 0, 0) :  [(0, 2, 3), (1, 2)]
(1, 0, 0, 1, 0, 0, 0) :  [(1, 3), (0, 2, 3)]
(0, 1, 1, 0, 0, 0, 0) :  [(0, 1), (0, 2)]
(1, 0, 1, 0, 0, 0, 0) :  [(0, 2, 3), (1, 2, 3), (0, 1)]
(1, 1, 0, 0, 0, 0, 0) :  [(0, 1, 3), (1, 2, 3), (0, 2)]
(0, 0, 0, 0, 1, 1, 1) :  [(1, 2, 3), (0, 1), (0, 2)]
(0, 0, 0, 1, 0, 1, 1) :  [(1, 2, 3), (0, 1)]
(0, 0, 1, 0, 0, 1, 1) :  [(0, 3), (0, 1)]
(0, 1, 0, 0, 0, 1, 1) :  [(0, 2, 3), (0, 1), (1, 2)]
(1, 0, 0, 0, 0, 1, 1) :  [(0, 3), (0, 1), (0, 2)]
(0, 0, 0, 1, 1, 0, 1) :  [(0, 2), (1, 2)]
(0, 0, 1, 0, 1, 0, 1) :  [(0, 3), (0, 2)]
(0, 1, 0, 0, 1, 0, 1) :  [(2, 3), (0, 2)]
(1, 0, 0, 0, 1, 0, 1) :  [(2, 3), (0, 1, 3), (0, 2)]
(0, 0, 1, 1, 0, 0, 1) :  [(0, 1, 3), (0, 2, 3), (1, 2)]
(0, 1, 0, 1, 0, 0, 1) :  [(2, 3), (1, 2)]
(1, 0, 0, 1, 0, 0, 1) :  [(1, 3), (0, 2)]
(0, 1, 1, 0, 0, 0, 1) :  [(0, 1), (0, 2), (1, 2)]
(1, 0, 1, 0, 0, 0, 1) :  [(2, 3), (0, 1), (0, 2)]
(1, 1, 0, 0, 0, 0, 1) :  [(0, 1, 3), (0, 2), (1, 2)]
(0, 0, 0, 1, 1, 1, 0) :  [(0, 3), (1, 2, 3)]
(0, 0, 1, 0, 1, 1, 0) :  [(0, 3), (1, 2, 3), (0, 1)]
(0, 1, 0, 0, 1, 1, 0) :  [(0, 3), (1, 2, 3), (0, 2)]
(1, 0, 0, 0, 1, 1, 0) :  [(0, 3), (2, 3)]
(0, 0, 1, 1, 0, 1, 0) :  [(2, 3), (0, 1)]
(0, 1, 0, 1, 0, 1, 0) :  [(2, 3), (0, 1, 3), (1, 2)]
(1, 0, 0, 1, 0, 1, 0) :  [(0, 3), (1, 3)]
(0, 1, 1, 0, 0, 1, 0) :  [(1, 3), (0, 1), (0, 2)]
(1, 0, 1, 0, 0, 1, 0) :  [(0, 3), (1, 2, 3), (0, 1), (0, 2)]
(1, 1, 0, 0, 0, 1, 0) :  [(0, 3), (0, 2), (1, 2)]
(0, 0, 1, 1, 1, 0, 0) :  [(0, 3), (1, 2, 3), (0, 1, 2)]
(0, 1, 0, 1, 1, 0, 0) :  [(2, 3), (0, 2), (1, 2)]
(1, 0, 0, 1, 1, 0, 0) :  [(1, 3), (2, 3)]
(0, 1, 1, 0, 1, 0, 0) :  [(0, 3), (0, 1), (0, 2), (1, 2)]
(1, 0, 1, 0, 1, 0, 0) :  [(0, 3), (2, 3), (0, 1)]
(1, 1, 0, 0, 1, 0, 0) :  [(2, 3), (0, 1, 3), (0, 2), (1, 2)]
(0, 1, 1, 1, 0, 0, 0) :  [(2, 3), (0, 1), (0, 2), (1, 2)]
(1, 0, 1, 1, 0, 0, 0) :  [(1, 3), (0, 2, 3), (0, 1)]
(1, 1, 0, 1, 0, 0, 0) :  [(1, 3), (0, 2), (1, 2)]
(1, 1, 1, 0, 0, 0, 0) :  [(1, 3), (0, 1), (0, 2), (1, 2)]
(0, 0, 0, 1, 1, 1, 1) :  [(0,), (1, 2)]
(0, 0, 1, 0, 1, 1, 1) :  [(1, 2, 3), (0,)]
(0, 1, 0, 0, 1, 1, 1) :  [(0, 3), (2, 3), (0, 1), (0, 2), (1, 2)]
(1, 0, 0, 0, 1, 1, 1) :  [(0, 3), (2, 3), (0, 1), (0, 2)]
(0, 0, 1, 1, 0, 1, 1) :  [(0, 3), (2, 3), (0, 1), (1, 2)]
(0, 1, 0, 1, 0, 1, 1) :  [(2, 3), (0, 1), (1, 2)]
(1, 0, 0, 1, 0, 1, 1) :  [(0, 3), (1, 3), (0, 1), (0, 2)]
(0, 1, 1, 0, 0, 1, 1) :  [(0, 3), (1, 3), (0, 1), (0, 2), (1, 2)]
(1, 0, 1, 0, 0, 1, 1) :  [(2, 3), (0,)]
(1, 1, 0, 0, 0, 1, 1) :  [(0, 3), (2,), (0, 1)]
(0, 0, 1, 1, 1, 0, 1) :  [(0, 3), (2, 3), (0, 2), (1, 2)]
(0, 1, 0, 1, 1, 0, 1) :  [(2,)]
(1, 0, 0, 1, 1, 0, 1) :  [(1, 3), (2, 3), (0, 2), (1, 2)]
(0, 1, 1, 0, 1, 0, 1) :  [(2, 3), (0,), (1, 2)]
(1, 0, 1, 0, 1, 0, 1) :  [(0, 3), (1, 3), (2, 3), (0, 1), (0, 2)]
(1, 1, 0, 0, 1, 0, 1) :  [(0, 1, 3), (2,)]
(0, 1, 1, 1, 0, 0, 1) :  [(2,), (0, 1)]
(1, 0, 1, 1, 0, 0, 1) :  [(1, 3), (2, 3), (0, 1), (0, 2), (1, 2)]
(1, 1, 0, 1, 0, 0, 1) :  [(1, 3), (2,)]
(1, 1, 1, 0, 0, 0, 1) :  [(1, 3), (2,), (0, 1)]
(0, 0, 1, 1, 1, 1, 0) :  [(0, 3), (1, 3), (2, 3), (0, 1)]
(0, 1, 0, 1, 1, 1, 0) :  [(0, 3), (2,)]
(1, 0, 0, 1, 1, 1, 0) :  [(0, 3), (1, 3), (2, 3)]
(0, 1, 1, 0, 1, 1, 0) :  [(0, 3), (1,), (0, 2)]
(1, 0, 1, 0, 1, 1, 0) :  [(0, 3), (1, 3), (2, 3), (0, 1), (0, 2), (1, 2)]
(1, 1, 0, 0, 1, 1, 0) :  [(0, 3), (1, 3), (2, 3), (0, 2), (1, 2)]
(0, 1, 1, 1, 0, 1, 0) :  [(2, 3), (1,), (0, 2)]
(1, 0, 1, 1, 0, 1, 0) :  [(1, 3), (2, 3), (0,)]
(1, 1, 0, 1, 0, 1, 0) :  [(0, 3), (1, 3), (2,)]
(1, 1, 1, 0, 0, 1, 0) :  [(1, 3), (0,), (1, 2)]
(0, 1, 1, 1, 1, 0, 0) :  [(0,), (2,)]
(1, 0, 1, 1, 1, 0, 0) :  [(0, 3), (1, 3), (2, 3), (0, 1), (1, 2)]
(1, 1, 0, 1, 1, 0, 0) :  [(3,), (0, 2), (1, 2)]
(1, 1, 1, 0, 1, 0, 0) :  [(0, 3), (1, 3), (2,), (0, 1)]
(1, 1, 1, 1, 0, 0, 0) :  [(1,), (2,)]
(0, 0, 1, 1, 1, 1, 1) :  [(1, 3), (2, 3), (0,), (1, 2)]
(0, 1, 0, 1, 1, 1, 1) :  [(1, 3), (0,), (2,)]
(1, 0, 0, 1, 1, 1, 1) :  [(2, 3), (0,), (1,)]
(0, 1, 1, 0, 1, 1, 1) :  [(0,), (1,), (2,)]
(1, 0, 1, 0, 1, 1, 1) :  [(3,), (0,), (1, 2)]
(1, 1, 0, 0, 1, 1, 1) :  [(0, 3), (1,), (2,)]
(0, 1, 1, 1, 0, 1, 1) :  [(3,), (1,), (2,)]
(1, 0, 1, 1, 0, 1, 1) :  [(3,), (0,), (1,)]
(1, 1, 0, 1, 0, 1, 1) :  [(3,), (2,), (0, 1)]
(1, 1, 1, 0, 0, 1, 1) :  [(3,), (0,), (2,)]
(0, 1, 1, 1, 1, 0, 1) :  [(3,), (0,), (1,), (2,)]
(1, 0, 1, 1, 1, 0, 1) :  [(0, 3), (2, 3), (1,), (0, 2)]
(1, 1, 0, 1, 1, 0, 1) :  [(3,), (2,)]
(1, 1, 1, 0, 1, 0, 1) :  [()]
[[(0, 1, 2, 3)], [(0, 1, 2)], [(0, 1, 3)], [(0, 2, 3)], [(1, 2, 3)], [(0, 1, 3), (0, 1, 2)], [(0, 2, 3), (0, 1, 2)], [(0, 1, 3), (0, 2, 3)], [(0, 1)], [(0, 2)], [(1, 2, 3), (0, 1, 2)], [(0, 1, 3), (0, 2, 3), (0, 1, 2)], [(0, 2, 3), (1, 2, 3), (0, 1, 2)], [(0, 1, 3), (0, 2)], [(0, 1, 3), (0, 2, 3), (1, 2, 3)], [(0, 1, 3), (1, 2, 3)], [(0, 2, 3), (0, 1)], [(0, 1, 3), (0, 2, 3), (1, 2, 3), (0, 1, 2)], [(0, 3)], [(0, 2, 3), (1, 2, 3)], [(0, 3), (0, 1, 2)], [(1, 2, 3), (0, 2)], [(2, 3), (0, 1, 3)], [(0, 1, 3), (1, 2, 3), (0, 1, 2)], [(0, 2, 3), (1, 2)], [(1, 3), (0, 2, 3)], [(0, 1), (0, 2)], [(0, 2, 3), (1, 2, 3), (0, 1)], [(0, 1, 3), (1, 2, 3), (0, 2)], [(1, 2, 3), (0, 1), (0, 2)], [(1, 2, 3), (0, 1)], [(0, 3), (0, 1)], [(0, 2, 3), (0, 1), (1, 2)], [(0, 3), (0, 1), (0, 2)], [(0, 2), (1, 2)], [(0, 3), (0, 2)], [(2, 3), (0, 2)], [(2, 3), (0, 1, 3), (0, 2)], [(0, 1, 3), (0, 2, 3), (1, 2)], [(2, 3), (1, 2)], [(1, 3), (0, 2)], [(0, 1), (0, 2), (1, 2)], [(2, 3), (0, 1), (0, 2)], [(0, 1, 3), (0, 2), (1, 2)], [(0, 3), (1, 2, 3)], [(0, 3), (1, 2, 3), (0, 1)], [(0, 3), (1, 2, 3), (0, 2)], [(0, 3), (2, 3)], [(2, 3), (0, 1)], [(2, 3), (0, 1, 3), (1, 2)], [(0, 3), (1, 3)], [(1, 3), (0, 1), (0, 2)], [(0, 3), (1, 2, 3), (0, 1), (0, 2)], [(0, 3), (0, 2), (1, 2)], [(0, 3), (1, 2, 3), (0, 1, 2)], [(2, 3), (0, 2), (1, 2)], [(1, 3), (2, 3)], [(0, 3), (0, 1), (0, 2), (1, 2)], [(0, 3), (2, 3), (0, 1)], [(2, 3), (0, 1, 3), (0, 2), (1, 2)], [(2, 3), (0, 1), (0, 2), (1, 2)], [(1, 3), (0, 2, 3), (0, 1)], [(1, 3), (0, 2), (1, 2)], [(1, 3), (0, 1), (0, 2), (1, 2)], [(0,), (1, 2)], [(1, 2, 3), (0,)], [(0, 3), (2, 3), (0, 1), (0, 2), (1, 2)], [(0, 3), (2, 3), (0, 1), (0, 2)], [(0, 3), (2, 3), (0, 1), (1, 2)], [(2, 3), (0, 1), (1, 2)], [(0, 3), (1, 3), (0, 1), (0, 2)], [(0, 3), (1, 3), (0, 1), (0, 2), (1, 2)], [(2, 3), (0,)], [(0, 3), (2,), (0, 1)], [(0, 3), (2, 3), (0, 2), (1, 2)], [(2,)], [(1, 3), (2, 3), (0, 2), (1, 2)], [(2, 3), (0,), (1, 2)], [(0, 3), (1, 3), (2, 3), (0, 1), (0, 2)], [(0, 1, 3), (2,)], [(2,), (0, 1)], [(1, 3), (2, 3), (0, 1), (0, 2), (1, 2)], [(1, 3), (2,)], [(1, 3), (2,), (0, 1)], [(0, 3), (1, 3), (2, 3), (0, 1)], [(0, 3), (2,)], [(0, 3), (1, 3), (2, 3)], [(0, 3), (1,), (0, 2)], [(0, 3), (1, 3), (2, 3), (0, 1), (0, 2), (1, 2)], [(0, 3), (1, 3), (2, 3), (0, 2), (1, 2)], [(2, 3), (1,), (0, 2)], [(1, 3), (2, 3), (0,)], [(0, 3), (1, 3), (2,)], [(1, 3), (0,), (1, 2)], [(0,), (2,)], [(0, 3), (1, 3), (2, 3), (0, 1), (1, 2)], [(3,), (0, 2), (1, 2)], [(0, 3), (1, 3), (2,), (0, 1)], [(1,), (2,)], [(1, 3), (2, 3), (0,), (1, 2)], [(1, 3), (0,), (2,)], [(2, 3), (0,), (1,)], [(0,), (1,), (2,)], [(3,), (0,), (1, 2)], [(0, 3), (1,), (2,)], [(3,), (1,), (2,)], [(3,), (0,), (1,)], [(3,), (2,), (0, 1)], [(3,), (0,), (2,)], [(3,), (0,), (1,), (2,)], [(0, 3), (2, 3), (1,), (0, 2)], [(3,), (2,)], [()], [()], [()], [()], [()], [()], [()], [()], [()], [()], [()], [()], [()], [()], [()], [()]]


A sample function for i=106
(0, 0, 0, 0, 0, 0, 0) :  [(0, 1, 2, 3)]
(0, 0, 0, 0, 0, 0, 1) :  [(0, 1, 2)]
(0, 0, 0, 0, 0, 1, 0) :  [(0, 1, 3)]
(0, 0, 0, 0, 1, 0, 0) :  [(0, 2, 3)]
(0, 0, 0, 1, 0, 0, 0) :  [(1, 2, 3)]
(0, 0, 1, 0, 0, 0, 0) :  [(0, 1, 3), (0, 1, 2)]
(0, 1, 0, 0, 0, 0, 0) :  [(0, 2, 3), (0, 1, 2)]
(1, 0, 0, 0, 0, 0, 0) :  [(0, 1, 3), (0, 2, 3)]
(0, 0, 0, 0, 0, 1, 1) :  [(0, 1)]
(0, 0, 0, 0, 1, 0, 1) :  [(0, 2)]
(0, 0, 0, 1, 0, 0, 1) :  [(1, 2, 3), (0, 1, 2)]
(0, 0, 1, 0, 0, 0, 1) :  [(0, 1, 3), (0, 2, 3), (0, 1, 2)]
(0, 1, 0, 0, 0, 0, 1) :  [(0, 2, 3), (1, 2, 3), (0, 1, 2)]
(1, 0, 0, 0, 0, 0, 1) :  [(0, 1, 3), (0, 2)]
(0, 0, 0, 0, 1, 1, 0) :  [(0, 1, 3), (0, 2, 3), (1, 2, 3)]
(0, 0, 0, 1, 0, 1, 0) :  [(0, 1, 3), (1, 2, 3)]
(0, 0, 1, 0, 0, 1, 0) :  [(0, 2, 3), (0, 1)]
(0, 1, 0, 0, 0, 1, 0) :  [(0, 1, 3), (0, 2, 3), (1, 2, 3), (0, 1, 2)]
(1, 0, 0, 0, 0, 1, 0) :  [(0, 3)]
(0, 0, 0, 1, 1, 0, 0) :  [(0, 2, 3), (1, 2, 3)]
(0, 0, 1, 0, 1, 0, 0) :  [(0, 3), (0, 1, 2)]
(0, 1, 0, 0, 1, 0, 0) :  [(1, 2, 3), (0, 2)]
(1, 0, 0, 0, 1, 0, 0) :  [(2, 3), (0, 1, 3)]
(0, 0, 1, 1, 0, 0, 0) :  [(0, 1, 3), (1, 2, 3), (0, 1, 2)]
(0, 1, 0, 1, 0, 0, 0) :  [(0, 2, 3), (1, 2)]
(1, 0, 0, 1, 0, 0, 0) :  [(1, 3), (0, 2, 3)]
(0, 1, 1, 0, 0, 0, 0) :  [(0, 1), (0, 2)]
(1, 0, 1, 0, 0, 0, 0) :  [(0, 2, 3), (1, 2, 3), (0, 1)]
(1, 1, 0, 0, 0, 0, 0) :  [(0, 1, 3), (1, 2, 3), (0, 2)]
(0, 0, 0, 0, 1, 1, 1) :  [(1, 2, 3), (0, 1), (0, 2)]
(0, 0, 0, 1, 0, 1, 1) :  [(1, 2, 3), (0, 1)]
(0, 0, 1, 0, 0, 1, 1) :  [(0, 3), (0, 1)]
(0, 1, 0, 0, 0, 1, 1) :  [(0, 2, 3), (0, 1), (1, 2)]
(1, 0, 0, 0, 0, 1, 1) :  [(0, 3), (0, 1), (0, 2)]
(0, 0, 0, 1, 1, 0, 1) :  [(0, 2), (1, 2)]
(0, 0, 1, 0, 1, 0, 1) :  [(0, 3), (0, 2)]
(0, 1, 0, 0, 1, 0, 1) :  [(2, 3), (0, 2)]
(1, 0, 0, 0, 1, 0, 1) :  [(2, 3), (0, 1, 3), (0, 2)]
(0, 0, 1, 1, 0, 0, 1) :  [(0, 1, 3), (0, 2, 3), (1, 2)]
(0, 1, 0, 1, 0, 0, 1) :  [(2, 3), (1, 2)]
(1, 0, 0, 1, 0, 0, 1) :  [(1, 3), (0, 2)]
(0, 1, 1, 0, 0, 0, 1) :  [(0, 1), (0, 2), (1, 2)]
(1, 0, 1, 0, 0, 0, 1) :  [(2, 3), (0, 1), (0, 2)]
(1, 1, 0, 0, 0, 0, 1) :  [(0, 1, 3), (0, 2), (1, 2)]
(0, 0, 0, 1, 1, 1, 0) :  [(0, 3), (1, 2, 3)]
(0, 0, 1, 0, 1, 1, 0) :  [(0, 3), (1, 2, 3), (0, 1)]
(0, 1, 0, 0, 1, 1, 0) :  [(0, 3), (1, 2, 3), (0, 2)]
(1, 0, 0, 0, 1, 1, 0) :  [(0, 3), (2, 3)]
(0, 0, 1, 1, 0, 1, 0) :  [(2, 3), (0, 1)]
(0, 1, 0, 1, 0, 1, 0) :  [(2, 3), (0, 1, 3), (1, 2)]
(1, 0, 0, 1, 0, 1, 0) :  [(0, 3), (1, 3)]
(0, 1, 1, 0, 0, 1, 0) :  [(1, 3), (0, 1), (0, 2)]
(1, 0, 1, 0, 0, 1, 0) :  [(0, 3), (1, 2, 3), (0, 1), (0, 2)]
(1, 1, 0, 0, 0, 1, 0) :  [(0, 3), (0, 2), (1, 2)]
(0, 0, 1, 1, 1, 0, 0) :  [(0, 3), (1, 2, 3), (0, 1, 2)]
(0, 1, 0, 1, 1, 0, 0) :  [(2, 3), (0, 2), (1, 2)]
(1, 0, 0, 1, 1, 0, 0) :  [(1, 3), (2, 3)]
(0, 1, 1, 0, 1, 0, 0) :  [(0, 3), (0, 1), (0, 2), (1, 2)]
(1, 0, 1, 0, 1, 0, 0) :  [(0, 3), (2, 3), (0, 1)]
(1, 1, 0, 0, 1, 0, 0) :  [(2, 3), (0, 1, 3), (0, 2), (1, 2)]
(0, 1, 1, 1, 0, 0, 0) :  [(2, 3), (0, 1), (0, 2), (1, 2)]
(1, 0, 1, 1, 0, 0, 0) :  [(1, 3), (0, 2, 3), (0, 1)]
(1, 1, 0, 1, 0, 0, 0) :  [(1, 3), (0, 2), (1, 2)]
(1, 1, 1, 0, 0, 0, 0) :  [(1, 3), (0, 1), (0, 2), (1, 2)]
(0, 0, 0, 1, 1, 1, 1) :  [(0,), (1, 2)]
(0, 0, 1, 0, 1, 1, 1) :  [(1, 2, 3), (0,)]
(0, 1, 0, 0, 1, 1, 1) :  [(0, 3), (2, 3), (0, 1), (0, 2), (1, 2)]
(1, 0, 0, 0, 1, 1, 1) :  [(0, 3), (2, 3), (0, 1), (0, 2)]
(0, 0, 1, 1, 0, 1, 1) :  [(0, 3), (2, 3), (0, 1), (1, 2)]
(0, 1, 0, 1, 0, 1, 1) :  [(2, 3), (0, 1), (1, 2)]
(1, 0, 0, 1, 0, 1, 1) :  [(0, 3), (1, 3), (0, 1), (0, 2)]
(0, 1, 1, 0, 0, 1, 1) :  [(0, 3), (1, 3), (0, 1), (0, 2), (1, 2)]
(1, 0, 1, 0, 0, 1, 1) :  [(2, 3), (0,)]
(1, 1, 0, 0, 0, 1, 1) :  [(0, 3), (2,), (0, 1)]
(0, 0, 1, 1, 1, 0, 1) :  [(0, 3), (2, 3), (0, 2), (1, 2)]
(0, 1, 0, 1, 1, 0, 1) :  [(2,)]
(1, 0, 0, 1, 1, 0, 1) :  [(1, 3), (2, 3), (0, 2), (1, 2)]
(0, 1, 1, 0, 1, 0, 1) :  [(2, 3), (0,), (1, 2)]
(1, 0, 1, 0, 1, 0, 1) :  [(0, 3), (1, 3), (2, 3), (0, 1), (0, 2)]
(1, 1, 0, 0, 1, 0, 1) :  [(0, 1, 3), (2,)]
(0, 1, 1, 1, 0, 0, 1) :  [(2,), (0, 1)]
(1, 0, 1, 1, 0, 0, 1) :  [(1, 3), (2, 3), (0, 1), (0, 2), (1, 2)]
(1, 1, 0, 1, 0, 0, 1) :  [(1, 3), (2,)]
(1, 1, 1, 0, 0, 0, 1) :  [(1, 3), (2,), (0, 1)]
(0, 0, 1, 1, 1, 1, 0) :  [(0, 3), (1, 3), (2, 3), (0, 1)]
(0, 1, 0, 1, 1, 1, 0) :  [(0, 3), (2,)]
(1, 0, 0, 1, 1, 1, 0) :  [(0, 3), (1, 3), (2, 3)]
(0, 1, 1, 0, 1, 1, 0) :  [(0, 3), (1,), (0, 2)]
(1, 0, 1, 0, 1, 1, 0) :  [(0, 3), (1, 3), (2, 3), (0, 1), (0, 2), (1, 2)]
(1, 1, 0, 0, 1, 1, 0) :  [(0, 3), (1, 3), (2, 3), (0, 2), (1, 2)]
(0, 1, 1, 1, 0, 1, 0) :  [(2, 3), (1,), (0, 2)]
(1, 0, 1, 1, 0, 1, 0) :  [(1, 3), (2, 3), (0,)]
(1, 1, 0, 1, 0, 1, 0) :  [(0, 3), (1, 3), (2,)]
(1, 1, 1, 0, 0, 1, 0) :  [(1, 3), (0,), (1, 2)]
(0, 1, 1, 1, 1, 0, 0) :  [(0, 3), (1, 3), (2,), (0, 1)]
(1, 0, 1, 1, 1, 0, 0) :  [(0, 3), (1, 3), (2, 3), (0, 1), (1, 2)]
(1, 1, 0, 1, 1, 0, 0) :  [(3,), (0, 2), (1, 2)]
(1, 1, 1, 0, 1, 0, 0) :  [(0, 3), (2, 3), (1,), (0, 2)]
(1, 1, 1, 1, 0, 0, 0) :  [(3,), (0, 1), (0, 2), (1, 2)]
(0, 0, 1, 1, 1, 1, 1) :  [(1, 3), (2, 3), (0,), (1, 2)]
(0, 1, 0, 1, 1, 1, 1) :  [(0,), (2,)]
(1, 0, 0, 1, 1, 1, 1) :  [(1, 3), (0,), (2,)]
(0, 1, 1, 0, 1, 1, 1) :  [(2, 3), (0,), (1,)]
(1, 0, 1, 0, 1, 1, 1) :  [(3,), (0,), (1, 2)]
(1, 1, 0, 0, 1, 1, 1) :  [(3,), (2,), (0, 1)]
(0, 1, 1, 1, 0, 1, 1) :  [(0, 3), (1,), (2,)]
(1, 0, 1, 1, 0, 1, 1) :  [()]
[[(0, 1, 2, 3)], [(0, 1, 2)], [(0, 1, 3)], [(0, 2, 3)], [(1, 2, 3)], [(0, 1, 3), (0, 1, 2)], [(0, 2, 3), (0, 1, 2)], [(0, 1, 3), (0, 2, 3)], [(0, 1)], [(0, 2)], [(1, 2, 3), (0, 1, 2)], [(0, 1, 3), (0, 2, 3), (0, 1, 2)], [(0, 2, 3), (1, 2, 3), (0, 1, 2)], [(0, 1, 3), (0, 2)], [(0, 1, 3), (0, 2, 3), (1, 2, 3)], [(0, 1, 3), (1, 2, 3)], [(0, 2, 3), (0, 1)], [(0, 1, 3), (0, 2, 3), (1, 2, 3), (0, 1, 2)], [(0, 3)], [(0, 2, 3), (1, 2, 3)], [(0, 3), (0, 1, 2)], [(1, 2, 3), (0, 2)], [(2, 3), (0, 1, 3)], [(0, 1, 3), (1, 2, 3), (0, 1, 2)], [(0, 2, 3), (1, 2)], [(1, 3), (0, 2, 3)], [(0, 1), (0, 2)], [(0, 2, 3), (1, 2, 3), (0, 1)], [(0, 1, 3), (1, 2, 3), (0, 2)], [(1, 2, 3), (0, 1), (0, 2)], [(1, 2, 3), (0, 1)], [(0, 3), (0, 1)], [(0, 2, 3), (0, 1), (1, 2)], [(0, 3), (0, 1), (0, 2)], [(0, 2), (1, 2)], [(0, 3), (0, 2)], [(2, 3), (0, 2)], [(2, 3), (0, 1, 3), (0, 2)], [(0, 1, 3), (0, 2, 3), (1, 2)], [(2, 3), (1, 2)], [(1, 3), (0, 2)], [(0, 1), (0, 2), (1, 2)], [(2, 3), (0, 1), (0, 2)], [(0, 1, 3), (0, 2), (1, 2)], [(0, 3), (1, 2, 3)], [(0, 3), (1, 2, 3), (0, 1)], [(0, 3), (1, 2, 3), (0, 2)], [(0, 3), (2, 3)], [(2, 3), (0, 1)], [(2, 3), (0, 1, 3), (1, 2)], [(0, 3), (1, 3)], [(1, 3), (0, 1), (0, 2)], [(0, 3), (1, 2, 3), (0, 1), (0, 2)], [(0, 3), (0, 2), (1, 2)], [(0, 3), (1, 2, 3), (0, 1, 2)], [(2, 3), (0, 2), (1, 2)], [(1, 3), (2, 3)], [(0, 3), (0, 1), (0, 2), (1, 2)], [(0, 3), (2, 3), (0, 1)], [(2, 3), (0, 1, 3), (0, 2), (1, 2)], [(2, 3), (0, 1), (0, 2), (1, 2)], [(1, 3), (0, 2, 3), (0, 1)], [(1, 3), (0, 2), (1, 2)], [(1, 3), (0, 1), (0, 2), (1, 2)], [(0,), (1, 2)], [(1, 2, 3), (0,)], [(0, 3), (2, 3), (0, 1), (0, 2), (1, 2)], [(0, 3), (2, 3), (0, 1), (0, 2)], [(0, 3), (2, 3), (0, 1), (1, 2)], [(2, 3), (0, 1), (1, 2)], [(0, 3), (1, 3), (0, 1), (0, 2)], [(0, 3), (1, 3), (0, 1), (0, 2), (1, 2)], [(2, 3), (0,)], [(0, 3), (2,), (0, 1)], [(0, 3), (2, 3), (0, 2), (1, 2)], [(2,)], [(1, 3), (2, 3), (0, 2), (1, 2)], [(2, 3), (0,), (1, 2)], [(0, 3), (1, 3), (2, 3), (0, 1), (0, 2)], [(0, 1, 3), (2,)], [(2,), (0, 1)], [(1, 3), (2, 3), (0, 1), (0, 2), (1, 2)], [(1, 3), (2,)], [(1, 3), (2,), (0, 1)], [(0, 3), (1, 3), (2, 3), (0, 1)], [(0, 3), (2,)], [(0, 3), (1, 3), (2, 3)], [(0, 3), (1,), (0, 2)], [(0, 3), (1, 3), (2, 3), (0, 1), (0, 2), (1, 2)], [(0, 3), (1, 3), (2, 3), (0, 2), (1, 2)], [(2, 3), (1,), (0, 2)], [(1, 3), (2, 3), (0,)], [(0, 3), (1, 3), (2,)], [(1, 3), (0,), (1, 2)], [(0, 3), (1, 3), (2,), (0, 1)], [(0, 3), (1, 3), (2, 3), (0, 1), (1, 2)], [(3,), (0, 2), (1, 2)], [(0, 3), (2, 3), (1,), (0, 2)], [(3,), (0, 1), (0, 2), (1, 2)], [(1, 3), (2, 3), (0,), (1, 2)], [(0,), (2,)], [(1, 3), (0,), (2,)], [(2, 3), (0,), (1,)], [(3,), (0,), (1, 2)], [(3,), (2,), (0, 1)], [(0, 3), (1,), (2,)], [()], [()], [()], [()], [()], [()], [()], [()], [()], [()], [()], [()], [()], [()], [()], [()], [()], [()], [()], [()], [()], [()]]

Why doesn't it assign the value ((0,),(1,),(2,),(3,))? Because we earlier said, that is a dead-end, and we are trying to get to 128 not just say 108.

Can we have a self-dual embedding in some sense?
F_2^- consists of 1,pvq,p,q,pq.
We embed 00,01,10,11 into pq,q,p,pvq
